Epoch	AverageEpRet	StdEpRet	MaxEpRet	MinEpRet	AverageTestEpRet	StdTestEpRet	MaxTestEpRet	MinTestEpRet	AverageEpCost	StdEpCost	MaxEpCost	MinEpCost	AverageTestEpCost	StdTestEpCost	MaxTestEpCost	MinTestEpCost	EpLen	TestEpLen	EpGoals	TestEpGoals	CumulativeCost	CostRate	TotalEnvInteracts	AverageQR1Vals	StdQR1Vals	MaxQR1Vals	MinQR1Vals	AverageQR2Vals	StdQR2Vals	MaxQR2Vals	MinQR2Vals	AverageQCVals	StdQCVals	MaxQCVals	MinQCVals	AverageLogPi	StdLogPi	MaxLogPi	MinLogPi	LossPi	LossQR1	LossQR2	LossQC	LossAlpha	LogAlpha	Alpha	LossBeta	LogBeta	Beta	PiEntropy	TestTime	EpochTime	TotalTime
1	2.3339212	2.9011397	15.687339	0.008026242	-7.3735366	7.455049	-0.47617018	-24.521393	15.618421	38.41737	186.0	0.0	1.4	2.8354893	8.0	0.0	394.42105	1000.0	0.118421055	0.1	1187.0	0.019783333333333333	30001.0	-60.125847	48.62633	25.47516	-279.26773	-60.09337	48.665806	26.45989	-274.77234	0.7492885	2.2782807	30.025263	-5.3180666	0.574294	2.6200724	45.87211	-11.82567	143.21811	7.894302	8.02581	0.0712741	1.4257057	0.0	1.0	-0.94626534	2.4370983	109.43831	-0.5742944	8.174265	114.08718	114.53852891921997
2	2.374829	1.8004185	7.0733166	0.014607199	0.037834484	0.7592461	1.8943934	-0.7990755	20.093023	55.018734	228.0	0.0	0.0	0.0	0.0	0.0	687.6977	1000.0	0.13953489	0.1	2051.0	0.02278888888888889	60001.0	43.227016	27.98928	95.30409	-151.9037	43.22721	27.988388	95.22189	-151.62715	0.8006846	1.986403	54.27232	-4.0452275	-1.2423884	0.5399751	6.1840663	-8.139875	-40.148643	2.2595587	2.2857711	0.04776055	3.2423882	0.0	1.0	0.008485879	0.8862577	3.7121642	1.2423884	8.021036	105.773384	220.30624747276306
3	2.5326505	0.9934553	6.2151027	0.1926393	-0.38522252	0.90803653	1.264303	-1.9776404	27.4375	88.495384	479.0	0.0	2.8	8.400001	28.0	0.0	933.625	1000.0	0.03125	0.0	2929.0	0.024408333333333334	90001.0	83.8359	13.328157	115.57035	1.4429486	83.83645	13.321374	115.45992	-0.6170465	0.7957342	2.7001173	62.635815	-4.777773	-1.194047	0.6377717	8.212245	-8.200609	-78.24715	2.8814013	2.9148242	0.07097128	3.1940475	0.0	1.0	0.029293934	1.2134385	5.613369	1.1940475	8.01544	103.05369	323.3604280948639
4	3.087181	1.6939309	6.9760933	0.32645655	-0.10369822	1.2241261	2.131922	-2.0663412	26.970589	78.013	377.0	0.0	1.0	3.0	10.0	0.0	890.1177	1000.0	0.2647059	0.1	3846.0	0.02564	120001.0	91.39782	13.497028	118.494316	-7.8930984	91.39802	13.4917	118.56106	-10.68982	0.8028663	2.6616056	49.563484	-5.667706	-1.2074051	0.6240167	8.654058	-8.148436	-84.42696	2.657553	2.7029016	0.07163593	3.2074049	0.0	1.0	-2.4702453e-05	1.8987252	7.3319225	1.207405	10.975067	103.16287	426.5243937969208
5	2.4060202	1.2467362	5.8614163	0.0360333	-0.113126	0.8949018	1.7359142	-1.9525458	36.25	122.29662	601.0	0.0	9.3	27.900002	93.0	0.0	827.4167	1000.0	0.083333336	0.1	5151.0	0.028616666666666665	150001.0	95.12471	13.604425	121.71076	-125.99565	95.12506	13.599471	121.39568	-123.60803	0.7988468	2.8695111	60.843754	-7.8106513	-1.2043024	0.6467731	10.285086	-8.843319	-87.265884	2.740475	2.781487	0.07209658	3.2043025	0.0	1.0	0.014289917	1.8672024	8.154394	1.2043025	10.991327	103.96814	530.4931900501251
6	2.8535326	1.0015893	5.056368	0.63327765	-0.3090079	0.416783	0.57513434	-0.84018594	16.375	54.49871	258.0	0.0	49.7	149.1	497.0	0.0	926.40625	1000.0	0.125	0.0	5675.0	0.027023809523809523	180001.0	97.46085	14.029571	123.72133	-163.21248	97.46131	14.025477	125.401566	-159.8045	0.8005583	2.554061	43.543068	-5.7597637	-1.2216002	0.6069713	10.770658	-8.304347	-91.457825	2.537471	2.5797443	0.06877306	3.2216005	0.0	1.0	0.011249883	1.5143025	6.452689	1.2216004	11.021447	102.95	633.443843126297
7	2.6990304	1.2138064	5.5080256	0.09499003	-0.26864594	0.4754585	0.58161193	-0.94541824	8.029411	41.521423	245.0	0.0	2.7	5.4415073	15.0	0.0	889.58826	1000.0	0.11764706	0.0	5948.0	0.024783333333333334	210001.0	103.40139	12.476379	128.96733	-82.208176	103.40168	12.472837	128.20984	-79.33409	0.79791874	2.8103716	49.7047	-6.621116	-1.2521838	0.5390313	10.622211	-7.693236	-98.54682	2.2345986	2.2586668	0.07679953	3.252184	0.0	1.0	0.023432732	1.1999125	4.504051	1.2521838	11.032664	103.305885	736.7478575706482
8	3.2090018	1.3275989	6.1647744	0.57567674	-0.30042133	0.5000846	0.7457607	-1.0074179	39.3125	92.35341	392.0	0.0	3.4	7.158212	22.0	0.0	949.28125	1000.0	0.15625	0.1	7206.0	0.02668888888888889	240001.0	106.88185	11.853895	133.87991	-37.495422	106.88212	11.850351	134.43524	-47.280468	0.79564005	2.6348875	62.91121	-7.7008767	-1.2610677	0.53245825	9.142236	-7.362729	-102.45021	2.20726	2.2334194	0.07039843	3.2610676	0.0	1.0	0.015590165	0.4281263	4.40375	1.261068	8.120615	99.92049	836.6708254814148
9	2.8451374	1.4570245	6.1838017	0.10377311	-0.24057443	0.3802125	0.44870168	-0.8445869	70.37143	158.57329	750.0	0.0	96.9	285.40652	953.0	0.0	855.0571	1000.0	0.114285715	0.0	9669.0	0.03223	270001.0	102.296	14.538803	137.9178	-109.91252	102.296524	14.5344095	137.02235	-109.90339	0.8004292	1.9304794	57.342953	-7.840793	-1.1131443	0.8045266	12.375495	-11.08216	-86.95557	2.2904482	2.3280385	0.050446793	3.1131442	0.0	1.0	0.006676865	2.7491658	19.506643	1.1131443	8.011868	103.761086	940.4311728477478
10	3.2648633	1.5660299	6.927157	0.15274878	-0.094877444	0.50130254	0.9418461	-0.66561073	117.542854	191.35985	740.0	0.0	77.3	202.72003	684.0	0.0	849.6	1000.0	0.22857143	0.1	13783.0	0.04176666666666667	300001.0	88.010086	18.162231	132.06311	-150.165	88.010666	18.157455	131.53452	-151.66791	0.8009554	2.3942282	40.368404	-9.63459	-1.0256789	0.9158672	12.471538	-9.208565	-71.269844	2.339036	2.3923202	0.067464314	3.0256786	0.0	1.0	0.0073909885	2.921276	20.535606	1.0256788	8.077272	104.25888	1044.6912353038788
11	3.4557343	2.149375	9.856712	0.09240193	0.10239764	0.83492804	2.1882923	-1.1737356	69.0	149.58301	708.0	0.0	0.0	0.0	0.0	0.0	783.28204	1000.0	0.17948718	0.1	16474.0	0.045761111111111114	330001.0	77.24557	24.796162	130.81741	-170.94354	77.24703	24.78436	130.32031	-163.9733	0.80299103	3.29151	36.787113	-21.961456	-0.94067496	1.0138677	14.990162	-11.439378	-56.859665	2.8716996	3.007762	0.0937965	2.940675	0.0	1.0	-0.03622851	3.0988705	23.1637	0.94067484	8.0725765	105.16282	1149.8550300598145
12	2.3163576	1.7819275	6.620207	0.09648579	-0.72366023	1.0856816	0.060103588	-3.2567523	40.866665	116.11979	608.0	0.0	90.2	270.6	902.0	0.0	661.13336	1000.0	0.11111111	0.1	18313.0	0.04695641025641026	360001.0	62.723717	34.5146	127.87721	-220.35664	62.724037	34.507774	128.37807	-219.93848	0.7898719	4.164067	52.444363	-23.82625	-0.8311756	1.1379697	15.28992	-10.122899	-37.625362	4.169984	4.4010067	0.12870827	2.8311758	0.0	1.0	0.16949423	3.164897	27.069164	0.8311758	8.072156	107.32327	1257.1785056591034
13	2.8493297	1.4781032	6.360534	0.061243866	0.33520052	0.53459066	1.3253968	-0.50435585	49.27027	123.513794	564.0	0.0	10.7	21.457169	57.0	0.0	817.37836	1000.0	0.08108108	0.1	20136.0	0.04794285714285714	390001.0	65.74627	29.277916	124.58504	-205.51079	65.745804	29.276623	124.52338	-203.28241	0.79737085	4.2859354	51.10672	-19.506584	-0.9052842	1.0566204	13.719804	-9.327931	-45.924324	3.193938	3.318125	0.14227514	2.9052844	0.0	1.0	0.048970435	2.6993723	19.623898	0.90528417	8.034398	104.62499	1361.8029799461365
14	2.7567174	1.3056542	5.6849904	0.2437233	0.11696322	1.0293227	2.2360249	-1.3026357	36.694443	67.00905	283.0	0.0	82.7	248.10002	827.0	0.0	820.5278	1000.0	0.19444445	0.1	21457.0	0.04768222222222222	420001.0	69.264244	24.50493	122.783424	-216.12721	69.26452	24.498705	122.63536	-211.84662	0.8048391	4.4300385	48.426468	-20.786201	-1.0118184	0.9172622	9.310213	-8.376722	-52.45519	2.5317626	2.6565356	0.15193874	3.0118182	0.0	1.0	-0.015004774	2.5117538	15.072749	1.011818	8.134254	104.1373	1465.938925743103
15	3.3792164	2.1356928	8.829867	0.6538308	-0.3350175	0.7565628	0.8451482	-1.5571364	6.4864864	19.54153	84.0	0.0	103.1	285.12085	957.0	0.0	807.32434	1000.0	0.27027026	0.1	21697.0	0.04520208333333333	450001.0	80.71955	22.633146	128.24237	-200.94887	80.719925	22.627203	128.26396	-199.62349	0.7958303	4.255429	68.28261	-22.377459	-1.0878378	0.7950662	8.75248	-8.991149	-65.75343	2.6018722	2.7250743	0.14015979	3.087838	0.0	1.0	0.046308443	2.532072	13.390159	1.0878378	8.147565	104.551575	1570.4894156455994
16	3.1379504	1.5531068	8.5040245	0.09483081	-0.37066275	0.7358509	0.49603638	-2.1745098	54.0	147.59894	776.0	0.0	84.7	238.65123	800.0	0.0	844.0278	1000.0	0.22222222	0.0	23641.0	0.04635490196078432	480001.0	89.28207	20.68097	131.0622	-182.99829	89.282524	20.674423	131.04079	-188.19637	0.80500066	4.432108	67.84141	-24.492237	-1.1251105	0.7428255	11.493362	-8.637026	-76.60881	2.5114617	2.5996032	0.14647287	3.1251104	0.0	1.0	-0.1062021	1.7911228	9.685129	1.1251106	8.112971	103.91853	1674.4101383686066
17	2.7607002	1.3261042	6.2824645	0.37243405	-0.3459201	0.24404761	0.10677934	-0.7876181	31.486486	98.74362	558.0	0.0	81.3	243.90001	813.0	0.0	811.5946	1000.0	0.10810811	0.0	24806.0	0.04593703703703704	510001.0	88.76884	20.966599	129.70856	-158.76329	88.7691	20.962917	128.9765	-167.26974	0.7911949	4.3201804	52.737812	-26.077675	-1.0916678	0.80094707	8.815308	-9.12782	-75.0471	2.6043956	2.6673985	0.14630526	3.0916677	0.0	1.0	0.1693482	2.198485	11.831583	1.0916678	8.057954	104.188286	1778.5992448329926
18	3.3536794	1.2571796	6.8191233	0.39882344	-0.14215365	0.5239007	0.7529556	-0.8906795	42.21875	82.18718	353.0	0.0	95.2	262.70435	882.0	0.0	928.03125	1000.0	0.09375	0.0	26165.0	0.04590350877192982	540001.0	89.92224	20.434877	129.94342	-91.427765	89.92286	20.428085	129.5932	-84.81679	0.8005892	4.1216516	49.306095	-27.028301	-1.106668	0.7865187	8.923329	-8.193793	-75.84881	2.4660125	2.5436802	0.13235512	3.106668	0.0	1.0	0.009521795	2.4465234	12.7410965	1.106668	8.146011	103.072464	1881.6735260486603
19	2.534126	1.5377811	6.576738	0.017566696	-3.903951	6.146471	0.84277505	-16.188656	48.63158	112.008316	526.0	0.0	174.4	349.4327	919.0	0.0	794.8421	1000.0	0.10526316	0.2	28005.0	0.046675	570001.0	82.43236	22.102676	125.75167	-106.7359	82.43275	22.096027	126.12097	-106.54839	0.7976927	3.908504	55.287434	-23.6915	-1.0488249	0.8642483	12.453254	-8.232596	-65.669655	2.5134776	2.6252115	0.119283445	3.048825	0.0	1.0	0.048961233	2.7953687	16.847563	1.0488248	8.0715885	105.24816	1986.9234166145325
20	2.3131676	1.471668	5.9207172	0.041643687	-0.60107815	2.2282703	1.6858767	-7.0092616	61.645832	152.20976	865.0	0.0	0.7	2.1000001	7.0	0.0	615.4375	1000.0	0.104166664	0.2	30964.0	0.04914920634920635	600001.0	69.74835	23.896683	117.7768	-148.97176	69.746544	23.898306	116.722755	-149.2112	0.8032683	3.6917996	71.398964	-16.710846	-0.9203921	1.0079759	12.46311	-9.531065	-47.950073	2.6517265	2.751833	0.119729996	2.920392	0.0	1.0	-0.034882486	3.1094518	23.804598	0.92039204	8.111654	108.59651	2095.5142266750336
21	2.8169448	1.7036612	7.733178	0.04669056	-0.9196228	0.7787117	0.12317916	-2.3071814	33.361702	102.606346	678.0	0.0	1.9	5.7	19.0	0.0	649.1702	1000.0	0.10638298	0.0	32532.0	0.049290909090909094	630001.0	61.61061	23.045017	109.119484	-108.13503	61.608723	23.048552	109.21694	-107.088554	0.79885817	3.6346874	71.02934	-14.134855	-0.9228781	0.99682647	9.606393	-10.393781	-41.155357	2.5408144	2.6061878	0.11692166	2.9228778	0.0	1.0	0.032512218	3.0208223	22.308979	0.9228779	8.073246	108.35714	2203.870223760605
22	2.5642796	1.2802906	5.3813105	0.021450853	-0.84090483	1.9256141	1.3680462	-6.1694603	46.727272	122.74981	629.0	0.0	91.2	186.55229	572.0	0.0	667.5909	1000.0	0.022727273	0.0	34605.0	0.050152173913043475	660001.0	67.803444	20.10728	108.09717	-140.3546	67.80343	20.105133	107.754814	-138.615	0.80598444	3.670473	69.00516	-12.836538	-0.95990956	0.9715996	10.729117	-10.061535	-49.20459	2.3421946	2.3838754	0.115323976	2.9599097	0.0	1.0	-0.11534173	2.8446496	19.752874	0.95990956	8.154619	106.921745	2310.799582004547
23	2.7893317	1.9706858	8.747811	0.11091667	-0.046729963	0.48183504	0.9848909	-0.7342561	33.43182	69.41161	266.0	0.0	1.1	3.3	11.0	0.0	684.4091	1000.0	0.06818182	0.0	36073.0	0.05010138888888889	690001.0	68.16642	20.228685	108.264984	-170.16711	68.16741	20.22606	108.31956	-171.69473	0.79557437	3.6078045	58.930016	-18.107187	-0.91751814	1.0023842	11.190128	-10.927933	-48.66545	2.55002	2.5638666	0.11454692	2.9175181	0.0	1.0	0.1253024	3.0305412	21.576664	0.91751844	8.147558	106.84521	2417.6382205486298
24	2.4327726	1.5368842	6.249964	0.068238914	0.10191654	0.6114171	1.6006737	-0.6690945	22.804348	70.711784	398.0	0.0	7.1	21.300001	71.0	0.0	668.6739	1000.0	0.04347826	0.0	37108.0	0.04947733333333333	720001.0	65.86954	21.790543	103.58496	-203.35144	65.869736	21.790241	105.07235	-209.32135	0.79958946	3.7418694	60.666042	-18.549412	-0.8599148	1.0716193	10.816228	-10.947785	-42.65386	2.9743383	2.9761553	0.119911775	2.8599148	0.0	1.0	0.026118478	3.19076	25.862894	0.8599149	8.176252	107.10973	2524.7484681606293
25	2.6618032	1.4277128	6.675035	0.09822617	0.21212372	0.86557025	1.8092599	-0.9485897	12.583333	23.894588	91.0	0.0	0.0	0.0	0.0	0.0	617.4792	1000.0	0.083333336	0.1	37712.0	0.04834871794871795	750001.0	69.73893	21.451149	111.91076	-176.15956	69.73909	21.447866	112.074486	-173.96423	0.80332786	3.8289309	63.69871	-19.85403	-0.92851037	0.98504525	11.43869	-8.91023	-48.217785	3.0717568	3.089422	0.119722165	2.92851	0.0	1.0	-0.053962823	3.1176674	23.169153	0.9285101	11.039055	111.42075	2636.170068502426
26	2.6400833	1.6337123	6.1901827	0.05496572	-0.060774006	0.44640854	0.6839356	-0.677755	55.130436	132.51558	619.0	0.0	93.3	274.93637	918.0	0.0	658.04346	1000.0	0.02173913	0.0	40248.0	0.04968888888888889	780001.0	63.604004	25.375906	110.19312	-217.74739	63.60252	25.380985	110.726555	-213.06877	0.78796715	3.734564	70.4682	-17.862232	-0.76628065	1.2046801	14.085028	-8.6978	-36.222782	3.624946	3.582547	0.11997249	2.7662807	0.0	1.0	0.19553137	3.1435833	31.44008	0.7662806	11.130506	107.48997	2743.6596982479095
27	2.7701998	2.1374226	7.4036636	0.018412972	-0.59633076	0.72226006	0.5855328	-1.7813464	26.733334	58.039604	282.0	0.0	9.6	14.423592	41.0	0.0	666.1111	1000.0	0.13333334	0.0	41451.0	0.04934642857142857	810001.0	50.172997	26.005598	103.96401	-260.61633	50.1729	26.004208	103.6794	-254.05309	0.8210378	3.692839	55.90566	-17.247982	-0.73382676	1.2073848	13.041199	-12.372602	-20.586502	3.7263176	3.7212696	0.12208775	2.7338266	0.0	1.0	-0.5458767	3.211652	33.11298	0.7338267	11.021049	106.512726	2850.1715371608734
28	2.8579657	1.6021396	6.187002	0.13771158	-1.748855	3.5062652	0.25619686	-12.203664	43.585365	134.05058	758.0	0.0	0.0	0.0	0.0	0.0	719.2683	1000.0	0.07317073	0.0	43238.0	0.04969885057471264	840001.0	58.90598	23.395834	109.90763	-216.12706	58.906055	23.397236	110.073715	-210.43936	0.79443073	3.6369467	85.25488	-16.47208	-0.8499759	1.0725421	12.522587	-10.097159	-35.407352	3.1264737	3.1241791	0.12163415	2.8499758	0.0	1.0	0.2621308	3.1931956	26.854263	0.8499759	11.605476	106.63937	2956.80739235878
29	2.942558	2.067358	8.596346	0.044087965	-0.1905091	0.7690895	1.3383538	-1.4255816	20.09804	49.195988	251.0	0.0	1.3	3.9	13.0	0.0	592.9216	1000.0	0.19607843	0.1	44263.0	0.04918111111111111	870001.0	63.487034	20.599926	108.30537	-146.1915	63.48711	20.600372	108.24724	-148.12878	0.7908662	3.7998812	64.78538	-17.478851	-0.84708834	1.0672252	16.426529	-11.004293	-38.549423	2.9901245	2.9932475	0.12925327	2.8470883	0.0	1.0	0.27209073	3.2890334	28.182632	0.84708834	11.548571	108.76491	3065.575203895569
30	2.3536038	1.9954255	8.140172	0.02014508	-0.90213794	1.8631208	1.8194629	-4.048054	19.793104	86.7642	618.0	0.0	1.2	3.6000001	12.0	0.0	521.4483	1000.0	0.18965517	0.3	45411.0	0.048829032258064516	900001.0	75.37515	17.204096	116.95548	-142.01675	75.37468	17.204365	116.68484	-138.53407	0.80021703	3.9109766	67.44378	-15.76983	-1.0082879	0.882868	14.106272	-9.838537	-57.460308	2.6629782	2.6895366	0.13539895	3.0082877	0.0	1.0	0.014236862	2.8585365	18.363436	1.0082878	7.958208	111.34009	3176.914758682251
31	2.6105843	2.1652968	8.479026	0.0017886278	-4.304825	8.398587	0.697986	-21.746607	33.29091	79.893265	368.0	0.0	103.8	275.97495	929.0	0.0	546.3273	1000.0	0.14545454	0.0	47242.0	0.049210416666666666	930001.0	76.81067	17.340523	121.296425	-147.66415	76.81097	17.335241	121.10465	-144.07584	0.8046941	3.734418	64.77655	-14.065609	-0.9797768	0.91176873	11.974713	-10.378953	-57.41031	2.9443507	2.9854484	0.12968631	2.9797769	0.0	1.0	-0.09330773	2.991343	20.569391	0.9797771	7.957964	109.83444	3286.7505583763123
32	3.048707	1.9273759	6.9860625	0.021253979	0.6110889	1.023171	3.1912403	-0.3127524	40.255814	128.07376	678.0	0.0	173.4	341.6598	870.0	0.0	692.093	1000.0	0.20930232	0.2	48973.0	0.049467676767676765	960001.0	75.41043	18.902327	125.28332	-124.41172	75.409805	18.90125	125.15557	-123.97996	0.7984474	3.6299894	56.516815	-13.873091	-0.94188625	0.9572124	10.169146	-10.97047	-55.345142	3.0644681	3.118417	0.1294604	2.9418862	0.0	1.0	0.05844588	3.0700355	22.069447	0.9418863	7.9690237	106.95815	3393.7077684402466
33	2.9005127	1.8222216	6.7300515	0.061462134	0.20478244	0.96243817	2.2585015	-0.991229	48.959183	128.99248	620.0	0.0	7.8	19.192709	64.0	0.0	599.9184	1000.0	0.1632653	0.2	51372.0	0.05036470588235294	990001.0	67.07971	22.202759	128.51329	-167.81682	67.079384	22.198322	128.15036	-167.58548	0.7975811	3.5935538	55.438015	-13.8551035	-0.8485316	1.0555035	9.547325	-12.0694475	-43.170086	3.1300364	3.2259228	0.12674737	2.8485315	0.0	1.0	0.07425347	3.1970904	27.099651	0.84853166	7.962309	108.47216	3502.181919336319
34	2.5165396	1.8766115	6.5972104	0.053368643	0.025481392	0.47561145	1.2760731	-0.57028437	30.051723	87.62506	459.0	0.0	81.1	236.38293	790.0	0.0	530.2069	1000.0	0.0862069	0.1	53115.0	0.05058571428571428	1020001.0	62.36381	25.43463	123.718834	-172.86133	62.363567	25.429628	123.96325	-169.52185	0.79519564	3.5423262	58.575535	-14.755244	-0.7510253	1.1911483	11.440377	-8.949443	-37.673145	3.6400912	3.7630656	0.12383709	2.7510252	0.0	1.0	0.07725799	3.064041	28.460604	0.7510253	8.033365	111.05178	3613.231009721756
35	3.1860774	2.4045334	10.914329	0.009985148	-0.22366783	0.93163306	0.7767716	-2.9000652	23.137255	76.09695	385.0	0.0	2.1	6.2999997	21.0	0.0	589.8823	1000.0	0.1764706	0.0	54295.0	0.05027314814814815	1050001.0	68.36381	25.88469	126.86804	-164.5828	68.36254	25.883797	126.67934	-166.09883	0.8025312	3.676827	57.459354	-16.125729	-0.8575853	1.0502777	11.354998	-10.450618	-46.942448	3.6255758	3.7350225	0.1296497	2.8575854	0.0	1.0	-0.011304492	3.0868435	23.689857	0.85758513	7.960963	109.153496	3722.3868091106415
36	3.1035717	2.000851	8.31746	0.13327628	-0.8591564	1.7869943	0.8420949	-5.3356204	51.02222	100.20368	455.0	0.0	107.0	282.97562	949.0	0.0	648.42224	1000.0	0.17777778	0.0	56591.0	0.050982882882882885	1080001.0	76.75585	23.9852	132.11583	-109.02446	76.755585	23.98233	131.90926	-106.68373	0.8062047	3.7567036	50.52732	-23.446272	-0.9323852	0.9696416	9.379044	-10.708248	-57.92579	3.6539364	3.7488608	0.13686883	2.9323852	0.0	1.0	-0.12117598	2.9348423	19.90455	0.93238527	8.047643	107.90677	3830.2923760414124
37	3.9346251	2.5199876	9.671632	0.04525345	-1.5766366	3.1427975	2.1495748	-7.877822	66.725	103.71137	347.0	0.0	1.5	4.5	15.0	0.0	768.625	1000.0	0.375	0.1	59260.0	0.05198245614035088	1110001.0	75.73726	25.902105	152.5894	-181.30072	75.736084	25.900887	153.89919	-174.23613	0.7929814	3.8226688	45.380814	-26.537025	-0.9050875	0.98346496	10.060795	-8.751543	-56.098076	4.293331	4.4317746	0.13848405	2.9050872	0.0	1.0	0.17887942	2.9884505	21.192493	0.90508735	7.9417915	105.977394	3936.2698686122894
38	3.5635877	2.3240917	8.944301	0.04014542	-0.23258772	1.4155011	1.4291538	-3.988183	38.717392	76.9242	374.0	0.0	12.8	16.981167	48.0	0.0	651.86957	1000.0	0.36956522	0.1	61041.0	0.05217179487179487	1140001.0	71.7652	23.0958	149.63158	-156.65561	71.76443	23.094658	150.37569	-158.23856	0.7973942	3.9596758	46.98244	-28.059269	-0.92143357	0.9719249	10.542095	-9.847478	-52.468037	4.00647	4.130367	0.14189628	2.921434	0.0	1.0	0.059171326	2.921136	20.146606	0.92143357	8.049473	108.20029	4044.4694316387177
39	3.0848143	2.6086009	12.94594	0.0476889	-0.9108121	1.4208561	0.21751834	-4.485375	25.387754	65.759865	341.0	0.0	83.2	238.42139	798.0	0.0	612.449	1000.0	0.30612245	0.0	62285.0	0.05190416666666667	1170001.0	74.82333	23.492645	122.20324	-143.1878	74.82263	23.489504	124.660416	-142.68614	0.80325365	4.2685833	41.155487	-28.638287	-0.93129116	0.9598239	10.580322	-9.616761	-55.72645	3.8596125	3.9824522	0.14605819	2.9312909	0.0	1.0	-0.028354473	2.8722844	18.822517	0.9312909	8.046571	109.62639	4154.094121456146
40	2.3113706	1.744829	6.010272	0.18962988	0.6677897	1.2946724	4.0135975	-0.45366985	34.649124	67.75536	284.0	0.0	89.9	250.80568	842.0	0.0	522.9298	1000.0	0.0877193	0.4	64260.0	0.05224390243902439	1200001.0	75.86948	22.71311	121.27544	-180.86823	75.867256	22.7159	121.37828	-177.99283	0.7983216	4.150176	42.747437	-28.309679	-0.95032835	0.92075074	11.120895	-9.268238	-58.61463	3.4581203	3.5548973	0.14119078	2.9503284	0.0	1.0	0.047133867	2.7961714	16.8669	0.9503284	8.113475	111.48973	4265.5885145664215
41	2.9275475	1.8274819	8.131727	0.022502284	-1.0771048	1.9839602	0.46331388	-6.607869	61.17021	171.62442	828.0	0.0	101.8	273.58612	919.0	0.0	642.9787	1000.0	0.21276596	0.0	67135.0	0.053281746031746034	1230001.0	79.40498	19.725113	124.4181	-126.41906	79.40459	19.724592	123.78623	-127.91632	0.80320793	4.157514	47.282005	-30.141966	-0.90045875	0.97415465	11.906456	-9.013324	-61.01809	3.1060343	3.1653762	0.14386421	2.9004588	0.0	1.0	-0.03907155	2.865869	18.349972	0.90045875	7.9007473	108.107796	4373.695554971695
42	2.8962166	1.653202	7.1285925	0.20825437	-0.28592688	1.0863533	1.3212153	-2.4357665	29.148935	59.585793	267.0	0.0	41.3	38.93854	114.0	0.0	638.29785	1000.0	0.12765957	0.1	68505.0	0.0531046511627907	1260001.0	73.769775	20.84392	120.76135	-166.77579	73.76868	20.845884	120.411446	-161.05899	0.80166614	4.1683054	50.153175	-32.828846	-0.7341738	1.1531328	10.865038	-9.389256	-50.51408	3.1946712	3.2372937	0.14844559	2.7341735	0.0	1.0	-0.022102425	3.0884547	24.730837	0.7341735	7.998327	108.297295	4481.9898273944855
43	3.3104095	2.3262334	9.876749	0.042922057	-2.6108403	5.10734	3.2057545	-12.28312	51.14	151.2603	855.0	0.0	6.4	10.101485	26.0	0.0	601.26	1000.0	0.24	0.3	71062.0	0.053834848484848485	1290001.0	60.15581	24.149866	113.47809	-184.2012	60.152668	24.155684	113.785805	-183.21553	0.8076818	3.8460953	49.18193	-28.16229	-0.674406	1.2059909	11.461562	-9.908701	-34.72183	3.1639895	3.1961303	0.13352841	2.674406	0.0	1.0	-0.23651119	3.14399	28.195126	0.6744059	8.001247	108.93748	4590.931128978729
44	3.3806033	2.4247873	9.11969	0.13654256	-0.25822973	0.60296255	0.65279657	-1.6416447	20.450981	60.688637	349.0	0.0	76.3	164.2815	521.0	0.0	587.86273	1000.0	0.29411766	0.0	72105.0	0.05341111111111111	1320001.0	59.34992	22.883234	105.49216	-135.65988	59.348656	22.883698	105.69712	-134.5754	0.7929617	3.6748786	43.85013	-21.72932	-0.7470774	1.1116009	10.535763	-9.524116	-35.22179	2.825299	2.87176	0.12255223	2.7470777	0.0	1.0	0.2505094	3.293599	27.7562	0.7470774	7.981346	108.98282	4699.9112911224365
45	2.2160752	1.9828593	9.897224	0.015353195	-7.4516	7.762026	0.7617244	-18.442732	14.123457	39.553802	277.0	0.0	13.6	23.829393	82.0	0.0	371.4568	1000.0	0.12345679	0.0	73249.0	0.05307898550724638	1350001.0	55.678875	25.894554	106.05915	-167.17603	55.676697	25.896774	106.16225	-172.24725	0.8112896	3.5549955	38.647354	-20.854103	-0.6818443	1.1897871	9.716983	-8.745617	-25.958942	3.4487278	3.4961474	0.114871986	2.6818442	0.0	1.0	-0.4321521	3.500011	34.14336	0.6818443	11.57995	121.26971	4821.182395935059
46	1.9466128	1.6513424	6.191177	0.027295914	-4.3874207	4.6935973	0.7974436	-12.0437355	11.168674	46.87328	332.0	0.0	76.4	222.57007	744.0	0.0	357.10843	1000.0	0.072289154	0.0	74176.0	0.05260709219858156	1380001.0	45.17574	26.114815	102.63988	-172.684	45.174667	26.112684	103.307495	-177.22006	0.80220705	3.471012	34.89775	-21.526854	-0.6565623	1.2407342	13.496768	-10.663174	-14.102918	3.582267	3.6665275	0.11248236	2.6565626	0.0	1.0	-0.110155575	3.5350428	36.579628	0.65656245	8.011241	117.69588	4938.876751899719
47	2.214326	2.1769047	10.037392	0.0038258093	-4.079051	8.359149	0.8355073	-27.492025	16.533333	41.43343	230.0	0.0	178.1	343.5257	954.0	0.0	402.8	1000.0	0.093333334	0.0	75416.0	0.05237222222222222	1410001.0	29.040533	33.071682	98.730995	-432.57483	29.044277	33.059216	98.99466	-431.729	0.7868366	3.5935514	40.60073	-32.229053	-0.5491577	1.360864	15.214213	-9.955003	8.152672	5.3415184	5.5477176	0.12217226	2.5491574	0.0	1.0	0.5923918	3.7710571	45.09862	0.54915756	8.005115	115.16027	5054.041175127029
48	2.7625456	1.8248011	6.938009	0.07987055	-0.07214923	0.49307624	0.8085983	-0.9262291	52.654545	118.19202	689.0	0.0	150.0	286.47302	963.0	0.0	547.6909	1000.0	0.054545455	0.0	78312.0	0.0532734693877551	1440001.0	38.749382	26.581242	97.46898	-370.1522	38.748924	26.578407	101.81243	-367.39212	0.7903627	3.987373	48.036083	-41.52674	-0.77009004	1.1926725	13.181343	-9.240371	-12.930817	3.843841	3.9602907	0.14132087	2.77009	0.0	1.0	0.22153217	3.2101328	28.690973	0.7700903	7.8987513	109.5916	5163.629857540131
49	2.8691583	2.4173765	10.336138	0.0020381715	-0.28087056	1.3504553	3.2789907	-2.1581597	53.49091	108.48055	512.0	0.0	15.2	33.77514	114.0	0.0	541.38184	1000.0	0.14545454	0.2	81254.0	0.05416933333333333	1470001.0	37.999252	25.988186	87.58006	-235.93922	37.997517	25.985052	88.36784	-239.48436	0.8109604	4.2379246	57.81774	-46.734795	-0.7050387	1.2490803	13.227471	-10.609591	-8.613394	3.7223494	3.8474383	0.15141746	2.7050383	0.0	1.0	-0.23079291	3.3975792	31.695177	0.70503855	8.070052	109.65163	5273.282590866089
